&ljmccfg
Natom=48
imass=2
! Gauss expansion of the potential, pH2 Silvera-Goldman
NGAUSS = 4
LJA(1) = 1.038252215127D0
LJA(2) =  0.5974039109464D0
LJA(3) =  0.196476572277834D0
LJA(4) =  0.06668611771781D0
LJC(1) = 96609.488289873d0
LJC(2) =  14584.62075507514d0
LJC(3) =  -365.460614956589d0
LJC(4) =  -19.5534697800036d0
!the rest
rc=10
rtol=1d-4
atol=1d-4
taumin=1d-4
NMC=1000000
mcblen = 5000
ptinterval = 10
Tmin=15
Tmax=45
outfile='liquid_H2_23K.xyz'
rho=0.0190
rcmin=3.05
/
