&gmdcfg
Natom=180
mass=2
! Gauss expansion of the potential, pH2 Silvera-Goldman
NGAUSS = 3
LJA(1) = 0.680688416015581
LJA(2) =  0.172533385762719
LJA(3) =  0.0509575639089336
LJC(1) = 31319.4442342458
LJC(2) =  -282.50951658104
LJC(3) =  -9.27807987319189
!the rest
rtol = 1d-6
atol=1d-5
taumin=1d-4
kT=25
coords='dump_0000100000.xyz'
rho=0.0190
rcmin=3.05
rc=10
tstart=0
tstop=30.43
dtout=5.0d-4
dt = 5d-4
Nbath=10
Q1nhc = 3d-4
ne = 40
tequil=0.13
tlen = 0.3
/
