&gmdcfg
Natom=180
mass=2
! Gauss expansion of the potential, pH2 Silvera-Goldman
NGAUSS = 3
LJA(1) = 0.680688416015581
LJA(2) =  0.172533385762719
LJA(3) =  0.0509575639089336
LJC(1) = 31319.4442342458
LJC(2) =  -282.50951658104
LJC(3) =  -9.27807987319189
!the rest
rtol=1d-4
atol=1d-4
taumin=1d-4
NMCp=1000
kT=15
coords='dump_0000100000.xyz'
rho=0.0190
rcmin=3.05
rc=10
tstart=0
tstop=.14
dtout=5.0d-4
dt=1.0d-4
Nbath=0
Vmin_curvature = 1557.3
/
