&ljmccfg
Natom=48
imass=2
! Gauss expansion of the potential, pH2 Silvera-Goldman
NGAUSS = 3
LJA(1) = 0.680688416015581
LJA(2) =  0.172533385762719
LJA(3) =  0.0509575639089336
LJC(1) = 31319.4442342458
LJC(2) =  -282.50951658104
LJC(3) =  -9.27807987319189
!the rest
rc=10
rtol=1d-4
atol=1d-4
taumin=1d-4
NMC=100000000
mcburn = 1000
mcblen = 1000000
ptinterval = 100
dumpinterval = 100000
Tmin=15
Tmax=50
outfile='liquid_H2_23K.xyz'
rho=0.0190
rcmin=3.05
/
